[[-1.13057051e-03  6.96200234e-04 -4.32293099e-04 ...  1.91812164e-03
   2.09023709e-03 -1.20849654e-03]
 [-9.45154371e-05  1.90317817e-04  1.56382213e-04 ...  1.25611059e-03
   3.76900359e-04  9.58823389e-04]
 [ 4.97479418e-04 -4.58463826e-04 -5.32068028e-04 ... -1.53388709e-03
  -1.90190879e-03  6.57169400e-05]
 ...
 [ 8.59022900e-04 -3.49316779e-04  1.38489783e-03 ... -9.61398134e-04
   1.25160844e-03 -1.25527506e-03]
 [ 9.95963976e-04  5.83987325e-04  2.70662315e-03 ...  1.81297360e-03
   1.07142943e-03 -2.66020375e-04]
 [ 1.54183808e-03  1.32494490e-04 -3.25719330e-04 ... -1.45644436e-03
   1.00792693e-03  3.23661731e-04]][[-1.13057051e-03  6.96200234e-04 -4.32293099e-04 ...  1.91812164e-03
   2.09023709e-03 -1.20849654e-03]
 [-9.45154371e-05  1.90317817e-04  1.56382213e-04 ...  1.25611059e-03
   3.76900359e-04  9.58823389e-04]
 [ 4.97479418e-04 -4.58463826e-04 -5.32068028e-04 ... -1.53388709e-03
  -1.90190879e-03  6.57169400e-05]
 ...
 [ 8.59022900e-04 -3.49316779e-04  1.38489783e-03 ... -9.61398134e-04
   1.25160844e-03 -1.25527506e-03]
 [ 9.95963976e-04  5.83987325e-04  2.70662315e-03 ...  1.81297360e-03
   1.07142943e-03 -2.66020375e-04]
 [ 1.54183808e-03  1.32494490e-04 -3.25719330e-04 ... -1.45644436e-03
   1.00792693e-03  3.23661731e-04]]